xof 0303txt 0032

template AnimTicksPerSecond {
  <9E415A43-7BA6-4a73-8743-B73D47E88476>
  DWORD AnimTicksPerSecond;
}

template XSkinMeshHeader {
  <3cf169ce-ff7c-44ab-93c0-f78f62d172e2>
  WORD nMaxSkinWeightsPerVertex;
  WORD nMaxSkinWeightsPerFace;
  WORD nBones;
}

template SkinWeights {
  <6f0d123b-bad2-4167-a0d0-80224f25fabb>
  STRING transformNodeName;
  DWORD nWeights;
  array DWORD vertexIndices[nWeights];
  array float weights[nWeights];
  Matrix4x4 matrixOffset;
}

Frame Root {
  FrameTransformMatrix {
     1.000000, 0.000000, 0.000000, 0.000000,
     0.000000,-0.000000, 1.000000, 0.000000,
     0.000000, 1.000000, 0.000000, 0.000000,
     0.000000, 0.000000, 0.000000, 1.000000;;
  }
  Frame metarig {
    FrameTransformMatrix {
      -15.766193,-0.064415, 0.003229, 0.000000,
       0.064471,-15.762232, 0.353439, 0.000000,
       0.001784, 0.353449,15.762363, 0.000000,
       0.011006,-2.613353, 0.044651, 1.000000;;
    }
    Frame metarig_spine {
      FrameTransformMatrix {
         1.000000, 0.000000,-0.000000, 0.000000,
         0.000000, 0.076908, 0.997038, 0.000000,
         0.000000,-0.997038, 0.076908, 0.000000,
         0.000000, 0.055373, 1.009900, 1.000000;;
      }
      Frame metarig_pelvis_L {
        FrameTransformMatrix {
          -0.539246,-0.397316, 0.742532, 0.000000,
           0.626889, 0.399374, 0.668962, 0.000000,
          -0.562337, 0.826221, 0.033712, 0.000000,
          -0.000000,-0.000000, 0.000000, 1.000000;;
        }
      } // End of metarig_pelvis_L
      Frame metarig_pelvis_R {
        FrameTransformMatrix {
          -0.539246, 0.397316,-0.742532, 0.000000,
          -0.626890, 0.399374, 0.668962, 0.000000,
           0.562337, 0.826221, 0.033712, 0.000000,
          -0.000000,-0.000000, 0.000000, 1.000000;;
        }
      } // End of metarig_pelvis_R
      Frame metarig_spine_001 {
        FrameTransformMatrix {
           1.000000, 0.000000, 0.000000, 0.000000,
          -0.000000, 0.999829, 0.018493, 0.000000,
           0.000000,-0.018493, 0.999829, 0.000000,
          -0.000000, 0.147838,-0.000000, 1.000000;;
        }
        Frame metarig_spine_002 {
          FrameTransformMatrix {
             1.000000, 0.000000, 0.000000, 0.000000,
            -0.000000, 0.997656, 0.068427, 0.000000,
             0.000000,-0.068427, 0.997656, 0.000000,
            -0.000000, 0.135832,-0.000000, 1.000000;;
          }
          Frame metarig_spine_003 {
            FrameTransformMatrix {
               1.000000,-0.000000, 0.000000, 0.000000,
               0.000000, 0.999925,-0.012249, 0.000000,
               0.000000, 0.012249, 0.999925, 0.000000,
              -0.000000, 0.172809, 0.000000, 1.000000;;
            }
            Frame metarig_breast_L {
              FrameTransformMatrix {
                -1.000000,-0.000000,-0.000000, 0.000000,
                -0.000000,-0.002259, 0.999997, 0.000000,
                -0.000000, 0.999997, 0.002259, 0.000000,
                 0.118400,-0.006155, 0.024270, 1.000000;;
              }
            } // End of metarig_breast_L
            Frame metarig_breast_R {
              FrameTransformMatrix {
                -1.000000,-0.000000,-0.000000, 0.000000,
                -0.000000,-0.002259, 0.999997, 0.000000,
                -0.000000, 0.999997, 0.002259, 0.000000,
                -0.118400,-0.006155, 0.024270, 1.000000;;
              }
            } // End of metarig_breast_R
            Frame metarig_shoulder_L {
              FrameTransformMatrix {
                -0.289637,-0.001731, 0.957135, 0.000000,
                 0.910889,-0.307583, 0.275087, 0.000000,
                 0.293922, 0.951520, 0.090664, 0.000000,
                 0.018300, 0.190204, 0.006966, 1.000000;;
              }
              Frame metarig_upper_arm_L {
                FrameTransformMatrix {
                  -0.113285, 0.271007,-0.955888, 0.000000,
                  -0.355980, 0.887139, 0.293704, 0.000000,
                   0.927602, 0.373549,-0.004027, 0.000000,
                  -0.069627, 0.177838,-0.017547, 1.000000;;
                }
                Frame metarig_forearm_L {
                  FrameTransformMatrix {
                     0.976312,-0.008584, 0.216196, 0.000000,
                    -0.010011, 0.996350, 0.084768, 0.000000,
                    -0.216134,-0.084924, 0.972663, 0.000000,
                     0.000000, 0.408167, 0.000000, 1.000000;;
                  }
                  Frame metarig_hand_L {
                    FrameTransformMatrix {
                       0.999594,-0.010087,-0.026654, 0.000000,
                       0.009580, 0.999772,-0.019080, 0.000000,
                       0.026840, 0.018817, 0.999463, 0.000000,
                       0.000000, 0.204173,-0.000000, 1.000000;;
                    }
                  } // End of metarig_hand_L
                } // End of metarig_forearm_L
                Frame metarig_upper_arm_L_001 {
                  FrameTransformMatrix {
                    -0.208697,-0.485194, 0.849136, 0.000000,
                    -0.261567, 0.864316, 0.429581, 0.000000,
                    -0.942352,-0.132454,-0.307291, 0.000000,
                     0.000000, 0.408167, 0.000000, 1.000000;;
                  }
                } // End of metarig_upper_arm_L_001
              } // End of metarig_upper_arm_L
            } // End of metarig_shoulder_L
            Frame metarig_shoulder_R {
              FrameTransformMatrix {
                -0.289636, 0.001731,-0.957135, 0.000000,
                -0.910890,-0.307583, 0.275086, 0.000000,
                -0.293922, 0.951520, 0.090664, 0.000000,
                -0.018300, 0.190204, 0.006966, 1.000000;;
              }
              Frame metarig_upper_arm_R {
                FrameTransformMatrix {
                  -0.113285,-0.271007, 0.955888, 0.000000,
                   0.355980, 0.887139, 0.293704, 0.000000,
                  -0.927602, 0.373549,-0.004027, 0.000000,
                   0.069627, 0.177838,-0.017547, 1.000000;;
                }
                Frame metarig_forearm_R {
                  FrameTransformMatrix {
                     0.976312, 0.008584,-0.216196, 0.000000,
                     0.010011, 0.996350, 0.084768, 0.000000,
                     0.216134,-0.084924, 0.972663, 0.000000,
                     0.000000, 0.408167, 0.000000, 1.000000;;
                  }
                  Frame metarig_hand_R {
                    FrameTransformMatrix {
                       0.999594, 0.010087, 0.026654, 0.000000,
                      -0.009580, 0.999772,-0.019080, 0.000000,
                      -0.026840, 0.018817, 0.999463, 0.000000,
                       0.000000, 0.204173,-0.000000, 1.000000;;
                    }
                  } // End of metarig_hand_R
                } // End of metarig_forearm_R
                Frame metarig_upper_arm_R_001 {
                  FrameTransformMatrix {
                    -0.208696, 0.485194,-0.849136, 0.000000,
                     0.261567, 0.864316, 0.429581, 0.000000,
                     0.942353,-0.132454,-0.307291, 0.000000,
                     0.000000, 0.408167, 0.000000, 1.000000;;
                  }
                } // End of metarig_upper_arm_R_001
              } // End of metarig_upper_arm_R
            } // End of metarig_shoulder_R
            Frame metarig_spine_004 {
              FrameTransformMatrix {
                 1.000000, 0.000000, 0.000000, 0.000000,
                -0.000000, 0.994766, 0.102179, 0.000000,
                 0.000000,-0.102179, 0.994766, 0.000000,
                 0.000000, 0.192500, 0.000000, 1.000000;;
              }
              Frame metarig_spine_005 {
                FrameTransformMatrix {
                   1.000000,-0.000000,-0.000000, 0.000000,
                   0.000000, 0.976609,-0.215021, 0.000000,
                   0.000000, 0.215021, 0.976609, 0.000000,
                  -0.000000, 0.061809, 0.000000, 1.000000;;
                }
                Frame metarig_spine_006 {
                  FrameTransformMatrix {
                     0.995477,-0.016054, 0.093635, 0.000000,
                     0.011537, 0.998752, 0.048584, 0.000000,
                    -0.094299,-0.047284, 0.994420, 0.000000,
                     0.000000, 0.062021,-0.000000, 1.000000;;
                  }
                } // End of metarig_spine_006
              } // End of metarig_spine_005
            } // End of metarig_spine_004
            Frame metarig_spine_007 {
              FrameTransformMatrix {
                 0.999933,-0.006895, 0.009257, 0.000000,
                 0.008218,-0.137933,-0.990407, 0.000000,
                 0.008105, 0.990417,-0.137868, 0.000000,
                 0.000000, 0.192500, 0.000000, 1.000000;;
              }
              Frame metarig_spine_009 {
                FrameTransformMatrix {
                   0.971246, 0.234775, 0.039523, 0.000000,
                  -0.237514, 0.966922, 0.092995, 0.000000,
                  -0.016382,-0.099708, 0.994882, 0.000000,
                  -0.000000, 0.162741,-0.000000, 1.000000;;
                }
                Frame metarig_spine_010 {
                  FrameTransformMatrix {
                     0.999594, 0.027790, 0.006344, 0.000000,
                    -0.027681, 0.999478,-0.016641, 0.000000,
                    -0.006803, 0.016459, 0.999841, 0.000000,
                     0.000000, 0.230889,-0.000000, 1.000000;;
                  }
                  Frame metarig_spine_011 {
                    FrameTransformMatrix {
                       0.999978,-0.004430,-0.004990, 0.000000,
                       0.004616, 0.999269, 0.037941, 0.000000,
                       0.004818,-0.037963, 0.999267, 0.000000,
                       0.000000, 0.256262, 0.000000, 1.000000;;
                    }
                  } // End of metarig_spine_011
                } // End of metarig_spine_010
              } // End of metarig_spine_009
              Frame metarig_spine_012 {
                FrameTransformMatrix {
                   0.964542,-0.263114,-0.020724, 0.000000,
                   0.263920, 0.962179, 0.067508, 0.000000,
                   0.002178,-0.070584, 0.997503, 0.000000,
                  -0.000000, 0.162741,-0.000000, 1.000000;;
                }
                Frame metarig_spine_013 {
                  FrameTransformMatrix {
                     0.999800, 0.017135,-0.010283, 0.000000,
                    -0.016691, 0.998988, 0.041763, 0.000000,
                     0.010989,-0.041583, 0.999075, 0.000000,
                    -0.000000, 0.227637,-0.000000, 1.000000;;
                  }
                  Frame metarig_spine_014 {
                    FrameTransformMatrix {
                       0.999348, 0.036088, 0.001348, 0.000000,
                      -0.036084, 0.999345,-0.002681, 0.000000,
                      -0.001444, 0.002630, 0.999996, 0.000000,
                      -0.000000, 0.248117, 0.000000, 1.000000;;
                    }
                  } // End of metarig_spine_014
                } // End of metarig_spine_013
              } // End of metarig_spine_012
            } // End of metarig_spine_007
          } // End of metarig_spine_003
        } // End of metarig_spine_002
      } // End of metarig_spine_001
      Frame metarig_thigh_L {
        FrameTransformMatrix {
           0.995380, 0.095592,-0.009670, 0.000000,
           0.095437,-0.995319,-0.015264, 0.000000,
          -0.011086, 0.014270,-0.999837, 0.000000,
           0.098000, 0.004406, 0.043267, 1.000000;;
        }
        Frame metarig_shin_L {
          FrameTransformMatrix {
             0.998139, 0.052610,-0.030828, 0.000000,
            -0.047338, 0.987233, 0.152084, 0.000000,
             0.038436,-0.150342, 0.987887, 0.000000,
             0.000000, 0.421512, 0.000000, 1.000000;;
          }
          Frame metarig_foot_L {
            FrameTransformMatrix {
               0.994040,-0.103975, 0.032769, 0.000000,
               0.079200, 0.482211,-0.872468, 0.000000,
               0.074914, 0.869863, 0.487572, 0.000000,
              -0.000000, 0.327903, 0.000000, 1.000000;;
            }
            Frame metarig_heel_02_L {
              FrameTransformMatrix {
                 0.693187, 0.482640, 0.535304, 0.000000,
                 0.000753,-0.743181, 0.669090, 0.000000,
                 0.720758,-0.463401,-0.515527, 0.000000,
                -0.000682, 0.204960, 0.080051, 1.000000;;
              }
            } // End of metarig_heel_02_L
            Frame metarig_toe_L {
              FrameTransformMatrix {
                -0.988536,-0.069817,-0.133874, 0.000000,
                 0.015669, 0.834443,-0.550872, 0.000000,
                 0.150170,-0.546654,-0.823783, 0.000000,
                 0.000000, 0.303005,-0.000000, 1.000000;;
              }
            } // End of metarig_toe_L
          } // End of metarig_foot_L
        } // End of metarig_shin_L
      } // End of metarig_thigh_L
      Frame metarig_thigh_R {
        FrameTransformMatrix {
           0.995378,-0.095592, 0.009671, 0.000000,
          -0.095437,-0.995319,-0.015264, 0.000000,
           0.011086, 0.014270,-0.999837, 0.000000,
          -0.098000, 0.004406, 0.043267, 1.000000;;
        }
        Frame metarig_shin_R {
          FrameTransformMatrix {
             0.998139,-0.052610, 0.030828, 0.000000,
             0.047338, 0.987233, 0.152084, 0.000000,
            -0.038436,-0.150342, 0.987887, 0.000000,
             0.000000, 0.421512,-0.000000, 1.000000;;
          }
          Frame metarig_foot_R {
            FrameTransformMatrix {
               0.994040, 0.103976,-0.032769, 0.000000,
              -0.079200, 0.482211,-0.872468, 0.000000,
              -0.074914, 0.869863, 0.487572, 0.000000,
               0.000000, 0.327903, 0.000000, 1.000000;;
            }
            Frame metarig_heel_02_R {
              FrameTransformMatrix {
                 0.693187,-0.482640,-0.535305, 0.000000,
                -0.000753,-0.743181, 0.669090, 0.000000,
                -0.720758,-0.463401,-0.515528, 0.000000,
                 0.000682, 0.204960, 0.080051, 1.000000;;
              }
            } // End of metarig_heel_02_R
            Frame metarig_toe_R {
              FrameTransformMatrix {
                -0.988536, 0.069817, 0.133874, 0.000000,
                -0.015669, 0.834443,-0.550872, 0.000000,
                -0.150171,-0.546654,-0.823783, 0.000000,
                 0.000000, 0.303005, 0.000000, 1.000000;;
              }
            } // End of metarig_toe_R
          } // End of metarig_foot_R
        } // End of metarig_shin_R
      } // End of metarig_thigh_R
    } // End of metarig_spine
    Frame metarig_Bone {
      FrameTransformMatrix {
         0.194758,-0.032888, 0.980300, 0.000000,
         0.018880, 0.999378, 0.029777, 0.000000,
        -0.980670, 0.012708, 0.195258, 0.000000,
         0.148677, 0.059638, 0.272862, 1.000000;;
      }
    } // End of metarig_Bone
    Frame metarig_Bone_001 {
      FrameTransformMatrix {
         0.987464,-0.054573, 0.148113, 0.000000,
         0.044328, 0.996447, 0.071615, 0.000000,
        -0.151495,-0.064151, 0.986374, 0.000000,
        -0.152766, 0.062549, 0.273782, 1.000000;;
      }
    } // End of metarig_Bone_001
    Frame Mesh_014_DrawCall_287 {
      FrameTransformMatrix {
         0.063426,-0.000000, 0.000000, 0.000000,
         0.000000,-0.000000, 0.063426, 0.000000,
        -0.000000,-0.063426,-0.000000, 0.000000,
         0.000020,-0.165779, 0.000884, 1.000000;;
      }
      Mesh { // Mesh_014_DrawCall_287 mesh
        2820;
         0.110509;25.940195;-6.620555;,
         0.316059;25.510286;-6.507999;,
         1.327093;25.275410;-9.606543;,
         0.006974;25.735113;-6.256073;,
         0.316059;25.510286;-6.507999;,
         0.110509;25.940195;-6.620555;,
         0.006974;25.735113;-6.256073;,
         0.110509;25.940195;-6.620555;,
        -0.131318;25.496025;-6.610561;,
         0.110509;25.940195;-6.620555;,
         1.002614;25.879230;-9.773016;,
         0.627086;25.253122;-9.767020;,
         0.110509;25.940195;-6.620555;,
         0.627086;25.253122;-9.767020;,
        -0.131318;25.496025;-6.610561;,
         0.627086;25.253122;-9.767020;,
         1.002614;25.879230;-9.773016;,
         1.327093;25.275410;-9.606543;,
         0.110509;25.940195;-6.620555;,
         1.327093;25.275410;-9.606543;,
         1.002614;25.879230;-9.773016;,
        -0.131318;25.496025;-6.610561;,
         0.316059;25.510286;-6.507999;,
         0.006974;25.735113;-6.256073;,
         0.627086;25.253122;-9.767020;,
         0.316059;25.510286;-6.507999;,
        -0.131318;25.496025;-6.610561;,
         0.316059;25.510286;-6.507999;,
         0.627086;25.253122;-9.767020;,
         1.327093;25.275410;-9.606543;,
         1.009625;25.957487;-9.818220;,
         1.335844;25.294117;-9.684216;,
         2.421347;25.106014;-13.457555;,
         1.009625;25.957487;-9.818220;,
         2.421347;25.106014;-13.457555;,
         2.009017;25.849308;-13.617004;,
         0.899238;25.602032;-9.430561;,
         1.335844;25.294117;-9.684216;,
         1.009625;25.957487;-9.818220;,
         1.009625;25.957487;-9.818220;,
         2.009017;25.849308;-13.617004;,
         1.522945;25.055189;-13.630646;,
         0.899238;25.602032;-9.430561;,
         0.617836;25.253487;-9.822541;,
         1.335844;25.294117;-9.684216;,
         0.899238;25.602032;-9.430561;,
         1.009625;25.957487;-9.818220;,
         0.617836;25.253487;-9.822541;,
         1.009625;25.957487;-9.818220;,
         1.522945;25.055189;-13.630646;,
         0.617836;25.253487;-9.822541;,
         0.617836;25.253487;-9.822541;,
         1.522945;25.055189;-13.630646;,
         1.335844;25.294117;-9.684216;,
         1.335844;25.294117;-9.684216;,
         1.522945;25.055189;-13.630646;,
         2.421347;25.106014;-13.457555;,
         1.522945;25.055189;-13.630646;,
         2.009017;25.849308;-13.617004;,
         2.421347;25.106014;-13.457555;,
         1.549657;25.022268;-13.677027;,
         1.994724;25.854937;-13.656907;,
         2.840413;25.798935;-17.134466;,
         1.549657;25.022268;-13.677027;,
         2.840413;25.798935;-17.134466;,
         2.284020;24.868155;-17.169287;,
         2.840413;25.798935;-17.134466;,
         3.387291;24.977114;-16.948278;,
         2.955197;25.198776;-17.568512;,
         2.840413;25.798935;-17.134466;,
         2.955197;25.198776;-17.568512;,
         2.284020;24.868155;-17.169287;,
         1.549657;25.022268;-13.677027;,
         2.284020;24.868155;-17.169287;,
         2.431225;25.109329;-13.500467;,
         1.549657;25.022268;-13.677027;,
         1.881365;25.450512;-13.164371;,
         1.994724;25.854937;-13.656907;,
         1.881365;25.450512;-13.164371;,
         2.431225;25.109329;-13.500467;,
         1.994724;25.854937;-13.656907;,
         1.881365;25.450512;-13.164371;,
         1.549657;25.022268;-13.677027;,
         2.431225;25.109329;-13.500467;,
         2.431225;25.109329;-13.500467;,
         2.284020;24.868155;-17.169287;,
         3.387291;24.977114;-16.948278;,
         2.284020;24.868155;-17.169287;,
         2.955197;25.198776;-17.568512;,
         3.387291;24.977114;-16.948278;,
         1.994724;25.854937;-13.656907;,
         2.431225;25.109329;-13.500467;,
         2.840413;25.798935;-17.134466;,
         2.431225;25.109329;-13.500467;,
         3.387291;24.977114;-16.948278;,
         2.840413;25.798935;-17.134466;,
         0.000860;14.152456;-2.370191;,
         0.000860;15.453804;-5.918992;,
         2.280157;15.440450;-4.912261;,
         0.000860;14.152456;-2.370191;,
         2.280157;15.440450;-4.912261;,
         3.225038;15.408241;-2.480438;,
         0.000860;14.152456;-2.370191;,
        -3.223317;15.408241;-2.480439;,
        -2.278438;15.440450;-4.912261;,
         0.000860;14.152456;-2.370191;,
        -2.278438;15.440450;-4.912261;,
         0.000860;15.453804;-5.918992;,
         0.000860;14.152456;-2.370191;,
        -2.278438;15.376042;-0.049590;,
        -3.223317;15.408241;-2.480439;,
         0.000860;14.152456;-2.370191;,
         2.280157;15.376042;-0.049589;,
         0.000860;15.362679; 0.958117;,
         2.836390;17.481802;-5.437014;,
         0.000860;17.498404;-6.689990;,
         0.000861;20.381155;-6.970521;,
        -2.834668;17.481802;-5.437014;,
        -4.008637;17.444944;-2.656317;,
        -3.887406;20.327356;-2.912141;,
        -2.834668;17.481802;-5.437014;,
        -3.887406;20.327356;-2.912141;,
        -2.749094;20.365026;-5.755592;,
         0.000860;20.269316; 1.468526;,
         0.000860;17.388277; 1.619775;,
         2.836390;17.404900; 0.366806;,
         3.889127;20.327356;-2.912141;,
         2.750815;20.285400; 0.253568;,
         2.836390;17.404900; 0.366806;,
         3.889127;20.327356;-2.912141;,
         2.836390;17.404900; 0.366806;,
         4.010356;17.444944;-2.656317;,
         2.750815;20.285400; 0.253568;,
         0.000860;23.129066;-3.158000;,
         0.000860;20.269316; 1.468526;,
         2.836390;17.481802;-5.437014;,
         2.280157;15.440450;-4.912261;,
         0.000860;15.453804;-5.918992;,
         2.836390;17.481802;-5.437014;,
         0.000860;15.453804;-5.918992;,
         0.000860;17.498404;-6.689990;,
        -2.834668;17.404900; 0.366805;,
         0.000860;15.362679; 0.958117;,
         0.000860;17.388277; 1.619775;,
         0.000860;15.362679; 0.958117;,
         2.280157;15.376042;-0.049589;,
         2.836390;17.404900; 0.366806;,
         2.836390;17.404900; 0.366806;,
         2.280157;15.376042;-0.049589;,
         3.225038;15.408241;-2.480438;,
         0.000860;17.498404;-6.689990;,
        -2.834668;17.481802;-5.437014;,
         0.000861;20.381155;-6.970521;,
        -2.834668;17.481802;-5.437014;,
        -2.749094;20.365026;-5.755592;,
         0.000861;20.381155;-6.970521;,
        -2.749094;20.365026;-5.755592;,
        -3.887406;20.327356;-2.912141;,
         0.000860;23.129066;-3.158000;,
         4.010356;17.444944;-2.656317;,
         2.836390;17.481802;-5.437014;,
         3.889127;20.327356;-2.912141;,
         3.889127;20.327356;-2.912141;,
         2.750815;20.365026;-5.755592;,
         0.000860;23.129066;-3.158000;,
         0.000860;14.152456;-2.370191;,
         0.000860;15.362679; 0.958117;,
        -2.278438;15.376042;-0.049590;,
         0.000860;14.152456;-2.370191;,
         3.225038;15.408241;-2.480438;,
         2.280157;15.376042;-0.049589;,
         2.836390;17.481802;-5.437014;,
         0.000861;20.381155;-6.970521;,
         2.750815;20.365026;-5.755592;,
         0.000860;20.269316; 1.468526;,
        -2.749095;20.285400; 0.253568;,
        -2.834668;17.404900; 0.366805;,
         0.000860;20.269316; 1.468526;,
        -2.834668;17.404900; 0.366805;,
         0.000860;17.388277; 1.619775;,
         0.000860;20.269316; 1.468526;,
         2.836390;17.404900; 0.366806;,
         2.750815;20.285400; 0.253568;,
         2.750815;20.285400; 0.253568;,
         3.889127;20.327356;-2.912141;,
         0.000860;23.129066;-3.158000;,
         3.225038;15.408241;-2.480438;,
         2.280157;15.440450;-4.912261;,
         2.836390;17.481802;-5.437014;,
         3.225038;15.408241;-2.480438;,
         2.836390;17.481802;-5.437014;,
         4.010356;17.444944;-2.656317;,
         0.000860;15.453804;-5.918992;,
        -2.278438;15.440450;-4.912261;,
        -2.834668;17.481802;-5.437014;,
         0.000860;15.453804;-5.918992;,
        -2.834668;17.481802;-5.437014;,
         0.000860;17.498404;-6.689990;,
        -2.834668;17.481802;-5.437014;,
        -2.278438;15.440450;-4.912261;,
        -3.223317;15.408241;-2.480439;,
        -2.834668;17.481802;-5.437014;,
        -3.223317;15.408241;-2.480439;,
        -4.008637;17.444944;-2.656317;,
        -3.223317;15.408241;-2.480439;,
        -2.278438;15.376042;-0.049590;,
        -2.834668;17.404900; 0.366805;,
        -3.223317;15.408241;-2.480439;,
        -2.834668;17.404900; 0.366805;,
        -4.008637;17.444944;-2.656317;,
        -2.834668;17.404900; 0.366805;,
        -2.278438;15.376042;-0.049590;,
         0.000860;15.362679; 0.958117;,
         0.000860;15.362679; 0.958117;,
         2.836390;17.404900; 0.366806;,
         0.000860;17.388277; 1.619775;,
         2.836390;17.404900; 0.366806;,
         3.225038;15.408241;-2.480438;,
         4.010356;17.444944;-2.656317;,
         0.000861;20.381155;-6.970521;,
        -2.749094;20.365026;-5.755592;,
         0.000860;23.129066;-3.158000;,
        -4.008637;17.444944;-2.656317;,
        -2.834668;17.404900; 0.366805;,
        -3.887406;20.327356;-2.912141;,
        -2.834668;17.404900; 0.366805;,
        -2.749095;20.285400; 0.253568;,
        -3.887406;20.327356;-2.912141;,
        -3.887406;20.327356;-2.912141;,
        -2.749095;20.285400; 0.253568;,
         0.000860;23.129066;-3.158000;,
        -2.749095;20.285400; 0.253568;,
         0.000860;20.269316; 1.468526;,
         0.000860;23.129066;-3.158000;,
         2.836390;17.481802;-5.437014;,
         2.750815;20.365026;-5.755592;,
         3.889127;20.327356;-2.912141;,
         2.750815;20.365026;-5.755592;,
         0.000861;20.381155;-6.970521;,
         0.000860;23.129066;-3.158000;,
         1.395893;20.313272; 0.555979;,
         1.116887;20.091568; 1.865903;,
         1.116887;18.450918; 2.009893;,
         1.395893;20.313272; 0.555979;,
         1.116887;18.450918; 2.009893;,
         1.395893;18.263403; 0.735878;,
        -1.394174;20.313272; 0.555979;,
        -1.115167;20.091568; 1.865902;,
         1.116887;20.091568; 1.865903;,
        -1.394174;18.263403; 0.735877;,
         1.395893;18.263403; 0.735878;,
        -1.115167;18.450918; 2.009893;,
         1.395893;18.263403; 0.735878;,
         1.116887;18.450918; 2.009893;,
        -1.115167;18.450918; 2.009893;,
        -1.115167;18.450918; 2.009893;,
         1.116887;18.450918; 2.009893;,
        -1.115167;20.091568; 1.865902;,
        -1.394174;18.263403; 0.735877;,
        -1.115167;18.450918; 2.009893;,
        -1.115167;20.091568; 1.865902;,
        -1.394174;18.263403; 0.735877;,
        -1.115167;20.091568; 1.865902;,
        -1.394174;20.313272; 0.555979;,
        -1.394174;20.313272; 0.555979;,
         1.116887;20.091568; 1.865903;,
         1.395893;20.313272; 0.555979;,
         1.116887;18.450918; 2.009893;,
         1.116887;20.091568; 1.865903;,
        -1.115167;20.091568; 1.865902;,
        -0.891298; 2.893230;-4.001214;,
        -0.612668; 2.983459;-2.172422;,
         0.034114; 0.337724;-2.085177;,
        -2.841647;-0.080973;-0.314762;,
        -2.960523; 0.683018;-5.732727;,
        -1.981656; 0.688931;-5.836101;,
        -2.841647;-0.080973;-0.314762;,
        -1.981656; 0.688931;-5.836101;,
        -1.018469; 0.607158;-5.313615;,
        -0.891298; 2.893230;-4.001214;,
        -0.373275; 0.534223;-4.356051;,
        -1.018469; 0.607158;-5.313615;,
        -0.891298; 2.893230;-4.001214;,
        -1.018469; 0.607158;-5.313615;,
        -2.083304; 3.004087;-5.046691;,
         0.034114; 0.337724;-2.085177;,
        -0.064485; 0.116283; 0.840080;,
        -2.841647;-0.080973;-0.314762;,
         0.034114; 0.337724;-2.085177;,
        -2.841647;-0.080973;-0.314762;,
        -0.373275; 0.534223;-4.356051;,
        -2.135955; 5.668584;-2.914139;,
        -1.355680; 3.354886;-0.145273;,
        -0.612668; 2.983459;-2.172422;,
        -0.348450; 1.928110; 0.448016;,
        -0.064485; 0.116283; 0.840080;,
         0.034114; 0.337724;-2.085177;,
        -5.415009; 2.119242;-0.703501;,
        -4.228876; 3.463481;-0.736097;,
        -4.324218; 3.123666;-2.935159;,
        -4.228876; 3.463481;-0.736097;,
        -2.135955; 5.668584;-2.914139;,
        -4.324218; 3.123666;-2.935159;,
        -3.516196; 2.992031;-4.540913;,
        -2.083304; 3.004087;-5.046691;,
        -2.960523; 0.683018;-5.732727;,
        -2.083304; 3.004087;-5.046691;,
        -1.981656; 0.688931;-5.836101;,
        -2.960523; 0.683018;-5.732727;,
        -1.981656; 0.688931;-5.836101;,
        -2.083304; 3.004087;-5.046691;,
        -1.018469; 0.607158;-5.313615;,
        -1.018469; 0.607158;-5.313615;,
        -0.373275; 0.534223;-4.356051;,
        -2.841647;-0.080973;-0.314762;,
        -3.516196; 2.992031;-4.540913;,
        -2.960523; 0.683018;-5.732727;,
        -3.936845; 0.668104;-5.088683;,
        -0.891298; 2.893230;-4.001214;,
         0.034114; 0.337724;-2.085177;,
        -0.373275; 0.534223;-4.356051;,
        -3.516196; 2.992031;-4.540913;,
        -3.936845; 0.668104;-5.088683;,
        -5.164441; 0.535916;-3.154908;,
        -3.516196; 2.992031;-4.540913;,
        -5.164441; 0.535916;-3.154908;,
        -4.324218; 3.123666;-2.935159;,
        -3.936845; 0.668104;-5.088683;,
        -2.960523; 0.683018;-5.732727;,
        -2.841647;-0.080973;-0.314762;,
        -3.936845; 0.668104;-5.088683;,
        -2.841647;-0.080973;-0.314762;,
        -5.164441; 0.535916;-3.154908;,
        -2.135955; 5.668584;-2.914139;,
        -0.612668; 2.983459;-2.172422;,
        -0.891298; 2.893230;-4.001214;,
        -2.135955; 5.668584;-2.914139;,
        -0.891298; 2.893230;-4.001214;,
        -2.083304; 3.004087;-5.046691;,
        -1.355680; 3.354886;-0.145273;,
        -0.348450; 1.928110; 0.448016;,
        -0.612668; 2.983459;-2.172422;,
        -0.612668; 2.983459;-2.172422;,
        -0.348450; 1.928110; 0.448016;,
         0.034114; 0.337724;-2.085177;,
        -4.324218; 3.123666;-2.935159;,
        -2.135955; 5.668584;-2.914139;,
        -3.516196; 2.992031;-4.540913;,
        -2.135955; 5.668584;-2.914139;,
        -2.083304; 3.004087;-5.046691;,
        -3.516196; 2.992031;-4.540913;,
         0.378724;38.998901;-10.261292;,
        -0.472991;38.492249;-11.503918;,
         0.408985;38.264954;-11.667032;,
         0.378724;38.998901;-10.261292;,
        -1.038628;39.726688;-10.370680;,
        -1.026607;39.050343;-11.009025;,
         0.378724;38.998901;-10.261292;,
         0.370065;40.454517;-9.600461;,
        -0.504462;40.262711;-9.832911;,
         0.378724;38.998901;-10.261292;,
        -0.504462;40.262711;-9.832911;,
        -1.038628;39.726688;-10.370680;,
         1.343720;43.289848;-12.924804;,
         1.897334;42.731766;-13.419685;,
         0.492025;42.783886;-14.168142;,
         1.909357;42.055424;-14.058026;,
         0.492025;42.783886;-14.168142;,
         1.897334;42.731766;-13.419685;,
         0.500664;41.327591;-14.828243;,
         0.492025;42.783886;-14.168142;,
         1.375190;41.519352;-14.595815;,
        -0.934928;42.112991;-14.170236;,
        -0.946950;42.789330;-13.531893;,
         0.492025;42.783886;-14.168142;,
        -0.412784;43.325359;-12.994123;,
         0.461744;43.517162;-12.761676;,
         0.492025;42.783886;-14.168142;,
         0.421386;43.246902;-11.146274;,
         0.386380;42.077454;-9.939185;,
         1.849538;42.879951;-11.409345;,
         1.814531;41.710503;-10.202250;,
         2.709420;40.806843;-11.003679;,
         2.744426;41.976246;-12.210783;,
         2.763875;40.882133;-13.243453;,
         2.728869;39.712685;-12.036365;,
         1.900479;40.013988;-14.114274;,
         2.728869;39.712685;-12.036365;,
         1.865474;38.844597;-12.907158;,
         1.900479;40.013988;-14.114274;,
         1.900479;40.013988;-14.114274;,
         1.865474;38.844597;-12.907158;,
         0.484349;39.704613;-14.489546;,
         1.865474;38.844597;-12.907158;,
         0.449342;38.535213;-13.282441;,
         0.484349;39.704613;-14.489546;,
         0.484349;39.704613;-14.489546;,
         0.449342;38.535213;-13.282441;,
        -0.943804;40.071556;-14.226479;,
        -0.978810;38.902161;-13.019371;,
        -1.873701;39.805817;-12.217943;,
        -1.838693;40.975254;-13.425044;,
        -1.873701;39.805817;-12.217943;,
        -1.893148;40.899971;-11.185259;,
        -1.858141;42.069416;-12.392356;,
        -1.893148;40.899971;-11.185259;,
        -1.029752;41.768066;-10.314452;,
        -0.994746;42.937515;-11.521549;,
        -0.994746;42.937515;-11.521549;,
        -1.029752;41.768066;-10.314452;,
         0.421386;43.246902;-11.146274;,
        -1.029752;41.768066;-10.314452;,
         0.386380;42.077454;-9.939185;,
         0.421386;43.246902;-11.146274;,
         0.461744;43.517162;-12.761676;,
         0.421386;43.246902;-11.146274;,
         1.343720;43.289848;-12.924804;,
         1.343720;43.289848;-12.924804;,
         1.849538;42.879951;-11.409345;,
         1.897334;42.731766;-13.419685;,
         2.744426;41.976246;-12.210783;,
         2.763875;40.882133;-13.243453;,
         1.909357;42.055424;-14.058026;,
         1.900479;40.013988;-14.114274;,
         0.484349;39.704613;-14.489546;,
         0.500664;41.327591;-14.828243;,
         0.500664;41.327591;-14.828243;,
         0.484349;39.704613;-14.489546;,
        -0.381312;41.554893;-14.665124;,
        -0.934928;42.112991;-14.170236;,
        -1.838693;40.975254;-13.425044;,
        -0.946950;42.789330;-13.531893;,
        -1.838693;40.975254;-13.425044;,
        -1.858141;42.069416;-12.392356;,
        -0.946950;42.789330;-13.531893;,
        -0.994746;42.937515;-11.521549;,
         0.421386;43.246902;-11.146274;,
         0.461744;43.517162;-12.761676;,
         0.370065;40.454517;-9.600461;,
         1.252040;40.227215;-9.763582;,
         1.814531;41.710503;-10.202250;,
         1.814531;41.710503;-10.202250;,
         1.252040;40.227215;-9.763582;,
         2.709420;40.806843;-11.003679;,
         2.728869;39.712685;-12.036365;,
         1.817679;38.992779;-10.896815;,
         1.865474;38.844597;-12.907158;,
         1.817679;38.992779;-10.896815;,
         1.283512;38.456711;-11.434606;,
         1.865474;38.844597;-12.907158;,
         0.449342;38.535213;-13.282441;,
         0.408985;38.264954;-11.667032;,
        -0.978810;38.902161;-13.019371;,
         0.408985;38.264954;-11.667032;,
        -0.472991;38.492249;-11.503918;,
        -0.978810;38.902161;-13.019371;,
        -0.978810;38.902161;-13.019371;,
        -0.472991;38.492249;-11.503918;,
        -1.873701;39.805817;-12.217943;,
        -0.472991;38.492249;-11.503918;,
        -1.026607;39.050343;-11.009025;,
        -1.873701;39.805817;-12.217943;,
        -1.026607;39.050343;-11.009025;,
        -1.038628;39.726688;-10.370680;,
        -1.893148;40.899971;-11.185259;,
        -1.893148;40.899971;-11.185259;,
        -1.038628;39.726688;-10.370680;,
        -1.029752;41.768066;-10.314452;,
        -1.038628;39.726688;-10.370680;,
        -0.504462;40.262711;-9.832911;,
        -1.029752;41.768066;-10.314452;,
         0.378724;38.998901;-10.261292;,
         1.805657;39.669117;-10.258472;,
         1.252040;40.227215;-9.763582;,
         0.378724;38.998901;-10.261292;,
         1.252040;40.227215;-9.763582;,
         0.370065;40.454517;-9.600461;,
         0.378724;38.998901;-10.261292;,
         1.283512;38.456711;-11.434606;,
         1.817679;38.992779;-10.896815;,
         0.378724;38.998901;-10.261292;,
         1.817679;38.992779;-10.896815;,
         1.805657;39.669117;-10.258472;,
         0.378724;38.998901;-10.261292;,
         0.408985;38.264954;-11.667032;,
         1.283512;38.456711;-11.434606;,
         0.378724;38.998901;-10.261292;,
        -1.026607;39.050343;-11.009025;,
        -0.472991;38.492249;-11.503918;,
         1.343720;43.289848;-12.924804;,
         0.492025;42.783886;-14.168142;,
         0.461744;43.517162;-12.761676;,
         1.909357;42.055424;-14.058026;,
         1.375190;41.519352;-14.595815;,
         0.492025;42.783886;-14.168142;,
         0.500664;41.327591;-14.828243;,
        -0.381312;41.554893;-14.665124;,
         0.492025;42.783886;-14.168142;,
        -0.934928;42.112991;-14.170236;,
         0.492025;42.783886;-14.168142;,
        -0.381312;41.554893;-14.665124;,
        -0.412784;43.325359;-12.994123;,
         0.492025;42.783886;-14.168142;,
        -0.946950;42.789330;-13.531893;,
         0.386380;42.077454;-9.939185;,
         1.814531;41.710503;-10.202250;,
         1.849538;42.879951;-11.409345;,
         1.849538;42.879951;-11.409345;,
         1.814531;41.710503;-10.202250;,
         2.744426;41.976246;-12.210783;,
         2.744426;41.976246;-12.210783;,
         2.709420;40.806843;-11.003679;,
         2.763875;40.882133;-13.243453;,
         2.709420;40.806843;-11.003679;,
         2.728869;39.712685;-12.036365;,
         2.763875;40.882133;-13.243453;,
         0.449342;38.535213;-13.282441;,
        -0.978810;38.902161;-13.019371;,
        -0.943804;40.071556;-14.226479;,
        -0.943804;40.071556;-14.226479;,
        -0.978810;38.902161;-13.019371;,
        -1.838693;40.975254;-13.425044;,
        -1.838693;40.975254;-13.425044;,
        -1.873701;39.805817;-12.217943;,
        -1.858141;42.069416;-12.392356;,
        -1.858141;42.069416;-12.392356;,
        -1.893148;40.899971;-11.185259;,
        -0.994746;42.937515;-11.521549;,
         0.421386;43.246902;-11.146274;,
         1.849538;42.879951;-11.409345;,
         1.343720;43.289848;-12.924804;,
         1.849538;42.879951;-11.409345;,
         2.744426;41.976246;-12.210783;,
         1.897334;42.731766;-13.419685;,
         1.897334;42.731766;-13.419685;,
         2.744426;41.976246;-12.210783;,
         1.909357;42.055424;-14.058026;,
         1.909357;42.055424;-14.058026;,
         2.763875;40.882133;-13.243453;,
         1.375190;41.519352;-14.595815;,
         2.763875;40.882133;-13.243453;,
         1.900479;40.013988;-14.114274;,
         1.375190;41.519352;-14.595815;,
         1.375190;41.519352;-14.595815;,
         1.900479;40.013988;-14.114274;,
         0.500664;41.327591;-14.828243;,
         0.484349;39.704613;-14.489546;,
        -0.943804;40.071556;-14.226479;,
        -0.381312;41.554893;-14.665124;,
        -0.381312;41.554893;-14.665124;,
        -0.943804;40.071556;-14.226479;,
        -0.934928;42.112991;-14.170236;,
        -0.943804;40.071556;-14.226479;,
        -1.838693;40.975254;-13.425044;,
        -0.934928;42.112991;-14.170236;,
        -0.946950;42.789330;-13.531893;,
        -1.858141;42.069416;-12.392356;,
        -0.412784;43.325359;-12.994123;,
        -1.858141;42.069416;-12.392356;,
        -0.994746;42.937515;-11.521549;,
        -0.412784;43.325359;-12.994123;,
        -0.412784;43.325359;-12.994123;,
        -0.994746;42.937515;-11.521549;,
         0.461744;43.517162;-12.761676;,
         0.386380;42.077454;-9.939185;,
         0.370065;40.454517;-9.600461;,
         1.814531;41.710503;-10.202250;,
         1.252040;40.227215;-9.763582;,
         1.805657;39.669117;-10.258472;,
         2.709420;40.806843;-11.003679;,
         2.709420;40.806843;-11.003679;,
         1.805657;39.669117;-10.258472;,
         2.728869;39.712685;-12.036365;,
         1.805657;39.669117;-10.258472;,
         1.817679;38.992779;-10.896815;,
         2.728869;39.712685;-12.036365;,
         1.865474;38.844597;-12.907158;,
         1.283512;38.456711;-11.434606;,
         0.449342;38.535213;-13.282441;,
         1.283512;38.456711;-11.434606;,
         0.408985;38.264954;-11.667032;,
         0.449342;38.535213;-13.282441;,
        -1.873701;39.805817;-12.217943;,
        -1.026607;39.050343;-11.009025;,
        -1.893148;40.899971;-11.185259;,
        -1.029752;41.768066;-10.314452;,
        -0.504462;40.262711;-9.832911;,
         0.386380;42.077454;-9.939185;,
        -0.504462;40.262711;-9.832911;,
         0.370065;40.454517;-9.600461;,
         0.386380;42.077454;-9.939185;,
        -2.578599;13.981291;-2.151090;,
        -2.875143;15.389139;-2.036121;,
        -2.682074;15.426112;-3.488079;,
        -2.316768; 8.238038;-1.123334;,
        -1.228630; 8.234790;-1.584583;,
        -1.282505;10.024718;-1.730539;,
        -2.316768; 8.238038;-1.123334;,
        -1.282505;10.024718;-1.730539;,
        -2.190966; 9.933918;-1.364016;,
        -1.475428;16.139458;-2.603369;,
        -0.247036;15.070836;-3.094239;,
